7 8 50
0 0 0 0 0 0 0 9
0 0 0 0 3 0 0 8
-1 0 5 0 0 0 22 0
-1 8 0 0 0 0 0 0
0 0 0 0 0 10 43 0
0 0 5 0 15 0 0 0
0 0 40 0 0 0 20 0
3 3 1
0 30 7
-1 10 0
-1 0 20

7 8 2
0 0 0 0 0 0 0 9
0 0 0 0 3 0 0 8
-1 0 5 0 0 0 22 0
-1 8 0 0 0 0 0 0
0 0 0 0 0 10 43 0
0 0 5 0 15 0 0 0
0 0 40 0 0 0 20 0
7 8 3
0 0 0 0 0 0 0 9
0 0 0 0 3 0 0 8
-1 0 5 0 0 0 22 0
-1 8 0 0 0 0 0 0
0 0 0 0 0 10 43 0
0 0 5 0 15 0 0 0
0 0 40 0 0 0 20 0
7 8 4
0 0 0 0 0 0 0 9
0 0 0 0 3 0 0 8
-1 0 5 0 0 0 22 0
-1 8 0 0 0 0 0 0
0 0 0 0 0 10 43 0
0 0 5 0 15 0 0 0
0 0 40 0 0 0 20 0
7 8 5
0 0 0 0 0 0 0 9
0 0 0 0 3 0 0 8
-1 0 5 0 0 0 22 0
-1 8 0 0 0 0 0 0
0 0 0 0 0 10 43 0
0 0 5 0 15 0 0 0
0 0 40 0 0 0 20 0
7 8 20
0 0 0 0 0 0 0 9
0 0 0 0 3 0 0 8
-1 0 5 0 0 0 22 0
-1 8 0 0 0 0 0 0
0 0 0 0 0 10 43 0
0 0 5 0 15 0 0 0
0 0 40 0 0 0 20 0
7 8 30
0 0 0 0 0 0 0 9
0 0 0 0 3 0 0 8
-1 0 5 0 0 0 22 0
-1 8 0 0 0 0 0 0
0 0 0 0 0 10 43 0
0 0 5 0 15 0 0 0
0 0 40 0 0 0 20 0
7 8 50
0 0 0 0 0 0 0 9
0 0 0 0 3 0 0 8
-1 0 5 0 0 0 22 0
-1 8 0 0 0 0 0 0
0 0 0 0 0 10 43 0
0 0 5 0 15 0 0 0
0 0 40 0 0 0 20 0